match,match_weight,repo_url,repo_full_name,repo_id
CVE-2016-5195,1.00000000,https://github.com/bulbulica2/dirtyCowExploit2016,bulbulica2/dirtyCowExploit2016,293725761
CVE-2016-5195,1.00000000,https://github.com/0xdecae/TuruT,0xdecae/TuruT,258408860
CVE-2016-5195,1.00000000,https://github.com/MomoXai/Pent-Tools,MomoXai/Pent-Tools,88590072
CVE-2016-5195,1.00000000,https://github.com/srikwit/exploits-explained,srikwit/exploits-explained,88438607
CVE-2016-5195,1.00000000,https://github.com/arttnba3/CVE-2016-5195,arttnba3/CVE-2016-5195,358491993
CVE-2016-5195,1.00000000,https://github.com/lightfaith/cvec,lightfaith/cvec,145102384
CVE-2016-5195,1.00000000,https://github.com/hyln9/VIKIROOT,hyln9/VIKIROOT,79528338
CVE-2016-5195,1.00000000,https://github.com/esc0rtd3w/org.cowpoop.moooooo,esc0rtd3w/org.cowpoop.moooooo,79108659
CVE-2016-5195,1.00000000,https://github.com/AR1972/Sony-NSZ-GS7,AR1972/Sony-NSZ-GS7,260788166
CVE-2016-5195,1.00000000,https://github.com/dulanjaya23/Dirty-Cow-CVE-2016-5195-,dulanjaya23/Dirty-Cow-CVE-2016-5195-,263401101
CVE-2016-5195,1.00000000,https://github.com/sandeeparth07/CVE-2016_5195-vulnarability,sandeeparth07/CVE-2016_5195-vulnarability,263406163
CVE-2016-5195,1.00000000,https://github.com/shanuka-ashen/Dirty-Cow-Explanation-CVE-2016-5195-,shanuka-ashen/Dirty-Cow-Explanation-CVE-2016-5195-,263137313
CVE-2016-5195,1.00000000,https://github.com/www-glasswall-nl/UT-DirtyCow,www-glasswall-nl/UT-DirtyCow,314238346
CVE-2016-5195,1.00000000,https://github.com/acidburnmi/CVE-2016-5195-master,acidburnmi/CVE-2016-5195-master,113347768
CVE-2016-5195,1.00000000,https://github.com/xpcmdshell/derpyc0w,xpcmdshell/derpyc0w,129144766
CVE-2016-5195,1.00000000,https://github.com/ndobson/inspec_CVE-2016-5195,ndobson/inspec_CVE-2016-5195,75981268
CVE-2016-5195,1.00000000,https://github.com/naftalyava/DirtyCow-Exploit,naftalyava/DirtyCow-Exploit,87938357
CVE-2016-5195,1.00000000,https://github.com/jas502n/CVE-2016-5195,jas502n/CVE-2016-5195,202122055
CVE-2016-5195,1.00000000,https://github.com/ANK1036Official/Git_Pentesting_Toolkit,ANK1036Official/Git_Pentesting_Toolkit,78284450
CVE-2016-5195,1.00000000,https://github.com/sribaba/android-CVE-2016-5195,sribaba/android-CVE-2016-5195,78993970
CVE-2016-5195,1.00000000,https://github.com/zakariamaaraki/Dirty-COW-CVE-2016-5195-,zakariamaaraki/Dirty-COW-CVE-2016-5195-,224074100
CVE-2016-5195,1.00000000,https://github.com/linhlt247/DirtyCOW_CVE-2016-5195,linhlt247/DirtyCOW_CVE-2016-5195,77847807
CVE-2016-5195,1.00000000,https://github.com/nndhanasekaran/redhat_cve2016,nndhanasekaran/redhat_cve2016,77528775
CVE-2016-5195,1.00000000,https://github.com/SunJangYo12/exploit-adb-dirtycow,SunJangYo12/exploit-adb-dirtycow,337259919
CVE-2016-5195,1.00000000,https://github.com/DanielEbert/CVE-2016-5195,DanielEbert/CVE-2016-5195,323146977
CVE-2016-5195,1.00000000,https://github.com/kaikul/Refernces,kaikul/Refernces,234191029
CVE-2016-5195,1.00000000,https://github.com/artemgurzhii/dirty-cow-root-exploit,artemgurzhii/dirty-cow-root-exploit,179997479
CVE-2016-5195,1.00000000,https://github.com/shayideep/DataSecurity-,shayideep/DataSecurity-,177700281
CVE-2016-5195,1.00000000,https://github.com/niubl/prometheus,niubl/prometheus,98148897
CVE-2016-5195,1.00000000,https://github.com/kindredspirit/exploits,kindredspirit/exploits,81883385
CVE-2016-5195,1.00000000,https://github.com/ldenevi/CVE-2016-5195,ldenevi/CVE-2016-5195,72996573
CVE-2016-5195,1.00000000,https://github.com/oleg-fiksel/ansible_CVE-2016-5195_check,oleg-fiksel/ansible_CVE-2016-5195_check,72304503
CVE-2016-5195,1.00000000,https://github.com/sijidufei/CVE-2016-5195,sijidufei/CVE-2016-5195,380896191
CVE-2016-5195,1.00000000,https://github.com/scumjr/dirtycow-vdso,scumjr/dirtycow-vdso,71647732
CVE-2016-5195,1.00000000,https://github.com/xlucas/dirtycow.cr,xlucas/dirtycow.cr,71579896
CVE-2016-5195,1.00000000,https://github.com/gbonacini/CVE-2016-5195,gbonacini/CVE-2016-5195,71672868
CVE-2016-5195,1.00000000,https://github.com/ASRTeam/CVE-2016-5195,ASRTeam/CVE-2016-5195,71534940
CVE-2016-5195,1.00000000,https://github.com/KosukeShimofuji/CVE-2016-5195,KosukeShimofuji/CVE-2016-5195,71532888
CVE-2016-5195,1.00000000,https://github.com/timwr/CVE-2016-5195,timwr/CVE-2016-5195,71558821
CVE-2016-5195,1.00000000,https://github.com/whu-enjoy/CVE-2016-5195,whu-enjoy/CVE-2016-5195,73981418
CVE-2016-5195,1.00000000,https://github.com/igrek51/android-dirtycowy-exploit,igrek51/android-dirtycowy-exploit,73556784
CVE-2016-5195,1.00000000,https://github.com/pelegw/deadbeef,pelegw/deadbeef,73127333
CVE-2016-5195,1.00000000,https://github.com/titanhp/Dirty-COW-CVE-2016-5195-Testing,titanhp/Dirty-COW-CVE-2016-5195-Testing,107485850
CVE-2016-5195,1.00000000,https://github.com/y-ates/DirtyCow,y-ates/DirtyCow,349069662
CVE-2016-5195,0.50000000,https://github.com/rvolosatovs/mooshy,rvolosatovs/mooshy,124535229
CVE-2016-5195,0.50000000,https://github.com/martinmullins/CVE-2016-8655_Android,martinmullins/CVE-2016-8655_Android,76742086
CVE-2016-5195,0.50000000,https://github.com/j0nk0/GetRoot-Android-DirtyCow,j0nk0/GetRoot-Android-DirtyCow,130762708
CVE-2016-5195,0.50000000,https://github.com/caldonovan/Dirty-COW-Exploit,caldonovan/Dirty-COW-Exploit,249827593
CVE-2016-5195,0.50000000,https://github.com/Buffer0x7cd/Exploits.,Buffer0x7cd/Exploits.,81368772
CVE-2016-5195,0.50000000,https://github.com/hhj4ck/CVE-2016-2067,hhj4ck/CVE-2016-2067,286598405
CVE-2016-5195,0.33333333,https://github.com/yuvaly0/exploits,yuvaly0/exploits,283985439
CVE-2016-5195,0.33333333,https://github.com/perlancar/exploits,perlancar/exploits,1840809
CVE-2016-5195,0.33333333,https://github.com/SecWiki/android-kernel-exploits,SecWiki/android-kernel-exploits,116445256
CVE-2016-5195,0.33333333,https://github.com/kam1n0/linux-kernel-exploits,kam1n0/linux-kernel-exploits,268316698
CVE-2016-5195,0.33333333,https://github.com/Kloox/exploit_challenges_42,Kloox/exploit_challenges_42,347638379
CVE-2016-5195,0.33333333,https://github.com/lmarqueta/exploits,lmarqueta/exploits,77292031
CVE-2016-5195,0.33333333,https://github.com/ozkanbilge/Android-Kernel-Exploits,ozkanbilge/Android-Kernel-Exploits,148756195
CVE-2016-5195,0.33333333,https://github.com/mircohaug/container-breakout-demo,mircohaug/container-breakout-demo,256444722
CVE-2016-5195,0.33333333,https://github.com/teawater/CVE-2017-5123,teawater/CVE-2017-5123,136574054
CVE-2016-5195,0.25000000,https://github.com/adrelanos/lkrg,adrelanos/lkrg,221547218
CVE-2016-5195,0.20000000,https://github.com/jollheef/lpe,jollheef/lpe,202821894
CVE-2016-5195,0.16666667,https://github.com/hvmi/hvmi,hvmi/hvmi,283759384
CVE-2016-5195,0.16666667,https://github.com/jondonas/linux-exploit-suggester-2,jondonas/linux-exploit-suggester-2,64172044
CVE-2016-5195,0.14285714,https://github.com/duowen1/Container-escape-exps,duowen1/Container-escape-exps,377021680
CVE-2016-5195,0.14285714,https://github.com/WangYihang/Exploit-Framework,WangYihang/Exploit-Framework,114019179
CVE-2016-5195,0.14285714,https://github.com/kkamagui/linux-kernel-exploits,kkamagui/linux-kernel-exploits,146123180
CVE-2016-5195,0.08333333,https://github.com/Hetti/PoC-Exploitchain-GS-VBox-DirtyCow-,Hetti/PoC-Exploitchain-GS-VBox-DirtyCow-,230347787
CVE-2016-5195,0.06250000,https://github.com/xyongcn/exploit,xyongcn/exploit,96972976
CVE-2016-5195,0.06250000,https://github.com/ycdxsb/Exploits,ycdxsb/Exploits,273386397
CVE-2016-5195,0.04347826,https://github.com/misoxxx/linexploitsuggester,misoxxx/linexploitsuggester,153337009
CVE-2016-5195,0.04000000,https://github.com/vulscanteam/vulscan,vulscanteam/vulscan,172173517
CVE-2016-5195,0.03225806,https://github.com/nixawk/labs,nixawk/labs,76525814
CVE-2016-5195,0.03225806,https://github.com/oneplus-x/MS17-010,oneplus-x/MS17-010,166259410
CVE-2016-5195,0.02941176,https://github.com/Nek0y4nSu/shellcode-scan-dyn,Nek0y4nSu/shellcode-scan-dyn,396003539
CVE-2016-5195,0.02941176,https://github.com/Nek0y4nSu/memory-scan,Nek0y4nSu/memory-scan,396036582
CVE-2016-5195,0.02777778,https://github.com/ITNerdbox/exploits,ITNerdbox/exploits,81378778
CVE-2016-5195,0.02564103,https://github.com/The-Art-of-Hacking/h4cker,The-Art-of-Hacking/h4cker,94801380
CVE-2016-5195,0.02564103,https://github.com/p00h00/linux-exploits,p00h00/linux-exploits,103725108
CVE-2016-5195,0.02272727,https://github.com/spencerdodd/kernelpop,spencerdodd/kernelpop,107932322
CVE-2016-5195,0.02127660,https://github.com/h4x0r-dz/local-root-exploit-,h4x0r-dz/local-root-exploit-,102175187
CVE-2016-5195,0.01851852,https://github.com/skbasava/Linux-Kernel-exploit,skbasava/Linux-Kernel-exploit,96806564
CVE-2016-5195,0.01785714,https://github.com/manjunath5496/Linux-Kernel-Exploitation-Papers,manjunath5496/Linux-Kernel-Exploitation-Papers,397068452
CVE-2016-5195,0.01785714,https://github.com/C0dak/linux-kernel-exploits,C0dak/linux-kernel-exploits,103401085
CVE-2016-5195,0.01785714,https://github.com/Singlea-lyh/linux-kernel-exploits,Singlea-lyh/linux-kernel-exploits,116128585
CVE-2016-5195,0.01785714,https://github.com/TfLizard0x1/linuxkernelexploit,TfLizard0x1/linuxkernelexploit,312652918
CVE-2016-5195,0.01785714,https://github.com/chousensha/linux_privcheck,chousensha/linux_privcheck,19279597
CVE-2016-5195,0.01785714,https://github.com/Feng4/linux-kernel-exploits,Feng4/linux-kernel-exploits,107490695
CVE-2016-5195,0.01754386,https://github.com/s0wr0b1ndef/Linux-Kernel-Exploites,s0wr0b1ndef/Linux-Kernel-Exploites,124865217
CVE-2016-5195,0.01754386,https://github.com/m0mkris/linux-kernel-exploits,m0mkris/linux-kernel-exploits,124364667
CVE-2016-5195,0.01754386,https://github.com/Shadowshusky/linux-kernel-exploits,Shadowshusky/linux-kernel-exploits,109913930
CVE-2016-5195,0.01754386,https://github.com/copperfieldd/linux-kernel-exploits,copperfieldd/linux-kernel-exploits,109945265
CVE-2016-5195,0.01724138,https://github.com/KeepWannabe/Localroot-All-CVE,KeepWannabe/Localroot-All-CVE,123914436
CVE-2016-5195,0.01639344,https://github.com/zyjsuper/linux-kernel-exploits,zyjsuper/linux-kernel-exploits,148878579
CVE-2016-5195,0.01639344,https://github.com/ozkanbilge/Linux-Kernel-Exploits,ozkanbilge/Linux-Kernel-Exploits,146101949
CVE-2016-5195,0.01639344,https://github.com/s0wr0b1ndef/Linux-Kernal-Exploits-m-,s0wr0b1ndef/Linux-Kernal-Exploits-m-,134377032
CVE-2016-5195,0.01639344,https://github.com/xssfile/linux-kernel-exploits,xssfile/linux-kernel-exploits,130304966
CVE-2016-5195,0.01587302,https://github.com/distance-vector/linux-kernel-exploits,distance-vector/linux-kernel-exploits,234452917
CVE-2016-5195,0.01587302,https://github.com/yige666/linux-kernel-exploits,yige666/linux-kernel-exploits,221877064
CVE-2016-5195,0.01587302,https://github.com/SecWiki/linux-kernel-exploits,SecWiki/linux-kernel-exploits,89318964
CVE-2016-5195,0.01587302,https://github.com/kumardineshwar/linux-kernel-exploits,kumardineshwar/linux-kernel-exploits,260936132
CVE-2016-5195,0.01587302,https://github.com/xfinest/linux-kernel-exploits,xfinest/linux-kernel-exploits,237788801
CVE-2016-5195,0.01587302,https://github.com/Micr067/linux-kernel-exploits,Micr067/linux-kernel-exploits,217222844
CVE-2016-5195,0.01562500,https://github.com/Technoashofficial/kernel-exploitation-linux,Technoashofficial/kernel-exploitation-linux,131507358
CVE-2016-5195,0.01538462,https://github.com/at0mik/WHA,at0mik/WHA,225234544
CVE-2016-5195,0.01515152,https://github.com/s0wr0b1ndef/linux-kernel-exploitation,s0wr0b1ndef/linux-kernel-exploitation,143980619
CVE-2016-5195,0.01470588,https://github.com/vmarius12/linux-root-exploit-suggester,vmarius12/linux-root-exploit-suggester,115786720
CVE-2016-5195,0.01298701,https://github.com/nirsarkar/Exploit-payload,nirsarkar/Exploit-payload,312527217
CVE-2016-5195,0.01219512,https://github.com/unusualwork/linux-exploit-suggester,unusualwork/linux-exploit-suggester,149447387
CVE-2016-5195,0.01204819,https://github.com/joker2a/Privesc,joker2a/Privesc,250345076
CVE-2016-5195,0.01204819,https://github.com/mungurk/linux-exploit-suggester.sh,mungurk/linux-exploit-suggester.sh,153854182
CVE-2016-5195,0.01190476,https://github.com/devman-123/linux-exploit-finder,devman-123/linux-exploit-finder,155703293
CVE-2016-5195,0.01190476,https://github.com/Cyber-Ghosts/Exploit-Tool-Tips-Archive,Cyber-Ghosts/Exploit-Tool-Tips-Archive,153452771
CVE-2016-5195,0.01123596,https://github.com/emranh/exploits,emranh/exploits,179839319
CVE-2016-5195,0.01000000,https://github.com/stefanocutelle/linux-exploit-suggester,stefanocutelle/linux-exploit-suggester,248789568
CVE-2016-5195,0.00990099,https://github.com/84KaliPleXon3/linux-exploit-suggester,84KaliPleXon3/linux-exploit-suggester,259541565
CVE-2016-5195,0.00980392,https://github.com/Realradioactive/archive-linux-exploit-suggester-master,Realradioactive/archive-linux-exploit-suggester-master,271383912
CVE-2016-5195,0.00952381,https://github.com/mzet-/linux-exploit-suggester,mzet-/linux-exploit-suggester,70196342
CVE-2016-5195,0.00952381,https://github.com/3hydraking/linux-exploit-suggester,3hydraking/linux-exploit-suggester,377773319
CVE-2016-5195,0.00943396,https://github.com/febinrev/febrev-linuxploit,febinrev/febrev-linuxploit,202878578
CVE-2016-5195,0.00800000,https://github.com/tobor88/PayloadSiteForPenTesters,tobor88/PayloadSiteForPenTesters,231986361
CVE-2016-5195,0.00793651,https://github.com/xairy/linux-kernel-exploitation,xairy/linux-kernel-exploitation,73646740
CVE-2016-5195,0.00719424,https://github.com/febinrev/privesc-post_exploit-collection,febinrev/privesc-post_exploit-collection,256685535
CVE-2016-5195,0.00714286,https://github.com/jiayy/android_vuln_poc-exp,jiayy/android_vuln_poc-exp,67602977
CVE-2016-5195,0.00641026,https://github.com/limitedeternity/HackTheBox,limitedeternity/HackTheBox,304432619
CVE-2016-5195,0.00606061,https://github.com/Spacial/awesome-csirt,Spacial/awesome-csirt,59441906
CVE-2016-5195,0.00588235,https://github.com/Integration-IT/Active-Directory-Exploitation-Cheat-Sheet,Integration-IT/Active-Directory-Exploitation-Cheat-Sheet,267698986
CVE-2016-5195,0.00588235,https://github.com/s0wr0b1ndef/Active-Directory-Exploitation-,s0wr0b1ndef/Active-Directory-Exploitation-,293183436
CVE-2016-5195,0.00561798,https://github.com/Coldwave96/PocLibrary,Coldwave96/PocLibrary,289505825
CVE-2016-5195,0.00480769,https://github.com/tomride/exploit-database-papers,tomride/exploit-database-papers,112202332
CVE-2016-5195,0.00448430,https://github.com/fortify24x7/exploit-database-papers,fortify24x7/exploit-database-papers,117653847
CVE-2016-5195,0.00411523,https://github.com/offensive-security/exploitdb-papers,offensive-security/exploitdb-papers,111840859
CVE-2016-5195,0.00411523,https://github.com/kingofthebeat/exploitdb-papers,kingofthebeat/exploitdb-papers,166951331
CVE-2016-5195,0.00389105,https://github.com/Mr-xn/Penetration_Testing_POC,Mr-xn/Penetration_Testing_POC,198552685
CVE-2016-5195,0.00362319,https://github.com/cys3c/viper-shell,cys3c/viper-shell,94091391
CVE-2016-5195,0.00262467,https://github.com/mikaelkall/HackingAllTheThings,mikaelkall/HackingAllTheThings,150547417
CVE-2016-5195,0.00139276,https://github.com/viertel/SecurityCodeRepository,viertel/SecurityCodeRepository,277093791
CVE-2016-5195,0.00124533,https://github.com/mateussnogs/exploitability,mateussnogs/exploitability,217597979
CVE-2016-5195,0.00097371,https://github.com/fengjixuchui/Windows10ExploitsArchiv30thers,fengjixuchui/Windows10ExploitsArchiv30thers,257192688
CVE-2016-5195,0.00095602,https://github.com/xbl3/awesome-cve-poc_qazbnm456,xbl3/awesome-cve-poc_qazbnm456,266717542
CVE-2016-5195,0.00094251,https://github.com/qazbnm456/awesome-cve-poc,qazbnm456/awesome-cve-poc,80700387
CVE-2016-5195,0.00049044,https://github.com/0xT11/CVE-POC,0xT11/CVE-POC,300646632
CVE-2016-5195,0.00030414,https://github.com/ycdxsb/PocOrExp_in_Github,ycdxsb/PocOrExp_in_Github,357437766
CVE-2016-5195,0.00018622,https://github.com/zcmurphy87/Exploit_Window_Markdown,zcmurphy87/Exploit_Window_Markdown,264694165
CVE-2016-5195,0.00008655,https://github.com/kuznetsov-a/cve-exploit,kuznetsov-a/cve-exploit,177462278
CVE-2016-5195,0.00007216,https://github.com/vulsio/go-exploitdb,vulsio/go-exploitdb,151353348
CVE-2016-5195,0.00006087,https://github.com/fedoraredteam/elem,fedoraredteam/elem,98762032
CVE-2016-5195,0.00006086,https://github.com/redteam-project/lem,redteam-project/lem,171368898
CVE-2016-5195,0.00005376,https://github.com/cvebase/cvebase.com,cvebase/cvebase.com,300791308
CVE-2016-5195,0.00004182,https://github.com/swapravo/cvesploit,swapravo/cvesploit,385868347
CVE-2016-5195,0.00004103,https://github.com/BaRRaKudaRain/ExploitDB,BaRRaKudaRain/ExploitDB,251006702
CVE-2016-5195,0.00004090,https://github.com/BMaChina/cnvd_database,BMaChina/cnvd_database,90101928
CVE-2016-5195,0.00003785,https://github.com/joocer/cve-exploit-predictor,joocer/cve-exploit-predictor,195553065
CVE-2016-5195,0.00002386,https://github.com/kreattang/Collecting_CNVD_Dataset,kreattang/Collecting_CNVD_Dataset,188338231
CVE-2016-5195,0.00001517,https://github.com/patrickmpalmer/exploit-prediction-calculator,patrickmpalmer/exploit-prediction-calculator,244423496
CVE-2016-5195,0.00001432,https://github.com/just3019/CNVD-updater,just3019/CNVD-updater,284659876
CVE-2016-5195,0.00001186,https://github.com/scipag/vulscan,scipag/vulscan,84558222
CVE-2016-5195,0.00000665,https://github.com/NadimKawwa/Cyber_Threat_Identification,NadimKawwa/Cyber_Threat_Identification,318011542
CVE-2016-5195,0.00000629,https://github.com/Vasileios-Mavroeidis/semantic-stix-vulnerability,Vasileios-Mavroeidis/semantic-stix-vulnerability,392265661
CVE-2016-5195,0.00000629,https://github.com/scmanjarrez/CVEScannerV2DB,scmanjarrez/CVEScannerV2DB,394995609
