match,match_weight,repo_url,repo_full_name,repo_id
CVE-2020-12443,0.50000000,https://github.com/mclab-hbrs/BBB-POC,mclab-hbrs/BBB-POC,259701180
CVE-2020-12443,0.00000665,https://github.com/NadimKawwa/Cyber_Threat_Identification,NadimKawwa/Cyber_Threat_Identification,318011542
CVE-2020-12443,0.00000629,https://github.com/Vasileios-Mavroeidis/semantic-stix-vulnerability,Vasileios-Mavroeidis/semantic-stix-vulnerability,392265661
CVE-2020-12443,0.00000629,https://github.com/scmanjarrez/CVEScannerV2DB,scmanjarrez/CVEScannerV2DB,394995609
