match,match_weight,repo_url,repo_full_name,repo_id
CVE-2018-0777,0.00319489,https://github.com/tunz/js-vuln-db,tunz/js-vuln-db,65058285
CVE-2018-0777,0.00097371,https://github.com/fengjixuchui/Windows10ExploitsArchiv30thers,fengjixuchui/Windows10ExploitsArchiv30thers,257192688
CVE-2018-0777,0.00095602,https://github.com/xbl3/awesome-cve-poc_qazbnm456,xbl3/awesome-cve-poc_qazbnm456,266717542
CVE-2018-0777,0.00094251,https://github.com/qazbnm456/awesome-cve-poc,qazbnm456/awesome-cve-poc,80700387
CVE-2018-0777,0.00059453,https://github.com/francolmenar-projects/PoC_Snort_Windows10,francolmenar-projects/PoC_Snort_Windows10,320782168
CVE-2018-0777,0.00057971,https://github.com/mayoyamasaki/prexploit,mayoyamasaki/prexploit,331024339
CVE-2018-0777,0.00018622,https://github.com/zcmurphy87/Exploit_Window_Markdown,zcmurphy87/Exploit_Window_Markdown,264694165
CVE-2018-0777,0.00011174,https://github.com/gdynamics/exploitation-scraping,gdynamics/exploitation-scraping,225103901
CVE-2018-0777,0.00008672,https://github.com/sepehrdaddev/packetstorm-exploits,sepehrdaddev/packetstorm-exploits,271076842
CVE-2018-0777,0.00008655,https://github.com/kuznetsov-a/cve-exploit,kuznetsov-a/cve-exploit,177462278
CVE-2018-0777,0.00007216,https://github.com/vulsio/go-exploitdb,vulsio/go-exploitdb,151353348
CVE-2018-0777,0.00005376,https://github.com/cvebase/cvebase.com,cvebase/cvebase.com,300791308
CVE-2018-0777,0.00004182,https://github.com/swapravo/cvesploit,swapravo/cvesploit,385868347
CVE-2018-0777,0.00004103,https://github.com/BaRRaKudaRain/ExploitDB,BaRRaKudaRain/ExploitDB,251006702
CVE-2018-0777,0.00002386,https://github.com/kreattang/Collecting_CNVD_Dataset,kreattang/Collecting_CNVD_Dataset,188338231
CVE-2018-0777,0.00001517,https://github.com/patrickmpalmer/exploit-prediction-calculator,patrickmpalmer/exploit-prediction-calculator,244423496
CVE-2018-0777,0.00001432,https://github.com/just3019/CNVD-updater,just3019/CNVD-updater,284659876
CVE-2018-0777,0.00001186,https://github.com/scipag/vulscan,scipag/vulscan,84558222
CVE-2018-0777,0.00000665,https://github.com/NadimKawwa/Cyber_Threat_Identification,NadimKawwa/Cyber_Threat_Identification,318011542
CVE-2018-0777,0.00000629,https://github.com/Vasileios-Mavroeidis/semantic-stix-vulnerability,Vasileios-Mavroeidis/semantic-stix-vulnerability,392265661
CVE-2018-0777,0.00000629,https://github.com/scmanjarrez/CVEScannerV2DB,scmanjarrez/CVEScannerV2DB,394995609
