match,match_weight,repo_full_name,repo_html_url,repo_id
CVE-2014-0782,6.285157600326828e-06,scmanjarrez/CVEScannerV2DB,https://github.com/scmanjarrez/CVEScannerV2DB,394995609
CVE-2014-0782,6.292830578122345e-06,Vasileios-Mavroeidis/semantic-stix-vulnerability,https://github.com/Vasileios-Mavroeidis/semantic-stix-vulnerability,392265661
CVE-2014-0782,4.1823504809703055e-05,swapravo/cvesploit,https://github.com/swapravo/cvesploit,385868347
CVE-2014-0782,4.694835680751174e-05,offensive-security/exploitdb,https://github.com/offensive-security/exploitdb,14902556
CVE-2014-0782,8.664009703690868e-05,sepehrdaddev/packetstorm-exploits,https://github.com/sepehrdaddev/packetstorm-exploits,271076842
CVE-2014-0782,0.0002133560913164,rapid7/metasploit-framework,https://github.com/rapid7/metasploit-framework,2293158
CVE-2014-0782,0.0002134016218523,ru-faraon/metasploit-framework,https://github.com/ru-faraon/metasploit-framework,372254030
CVE-2014-0782,0.0002148227712137,talentsec/metasploit,https://github.com/talentsec/metasploit,370253962
CVE-2014-0782,0.0002649006622516,hahwul/mad-metasploit,https://github.com/hahwul/mad-metasploit,102696209
CVE-2014-0782,0.0003074085459575,AlanFoster/metasploit-docs-spike,https://github.com/AlanFoster/metasploit-docs-spike,262667812
CVE-2014-0782,0.0004852013585638,takuzoo3868/go-msfdb,https://github.com/takuzoo3868/go-msfdb,241559906
