match,match_weight,repo_url,repo_full_name,repo_id
CVE-2019-18480,0.00007487,https://github.com/enaqx/sploitware,enaqx/sploitware,22348337
CVE-2019-18480,0.00000665,https://github.com/NadimKawwa/Cyber_Threat_Identification,NadimKawwa/Cyber_Threat_Identification,318011542
