match,match_weight,repo_full_name,repo_html_url,repo_id
CVE-2013-3974,1.1859582542694497e-05,scipag/vulscan,https://github.com/scipag/vulscan,84558222
