match,match_weight,repo_url,repo_full_name,repo_id
CVE-2012-2269,0.00024062,https://github.com/ishell/Exploits-Archives,ishell/Exploits-Archives,18521173
CVE-2012-2269,0.00015108,https://github.com/BuddhaLabs/PacketStorm-Exploits,BuddhaLabs/PacketStorm-Exploits,14740030
CVE-2012-2269,0.00013103,https://github.com/sepehrdaddev/0day-today-exploits,sepehrdaddev/0day-today-exploits,272052072
CVE-2012-2269,0.00008672,https://github.com/sepehrdaddev/packetstorm-exploits,sepehrdaddev/packetstorm-exploits,271076842
CVE-2012-2269,0.00004103,https://github.com/BaRRaKudaRain/ExploitDB,BaRRaKudaRain/ExploitDB,251006702
CVE-2012-2269,0.00001186,https://github.com/scipag/vulscan,scipag/vulscan,84558222
CVE-2012-2269,0.00000665,https://github.com/NadimKawwa/Cyber_Threat_Identification,NadimKawwa/Cyber_Threat_Identification,318011542
CVE-2012-2269,0.00000629,https://github.com/Vasileios-Mavroeidis/semantic-stix-vulnerability,Vasileios-Mavroeidis/semantic-stix-vulnerability,392265661
CVE-2012-2269,0.00000629,https://github.com/scmanjarrez/CVEScannerV2DB,scmanjarrez/CVEScannerV2DB,394995609
