match,match_weight,repo_url,repo_full_name,repo_id
CVE-2016-3226,0.00027601,https://github.com/7Ragnarok7/Windows-Exploit-Suggester-2,7Ragnarok7/Windows-Exploit-Suggester-2,327574487
CVE-2016-3226,0.00027034,https://github.com/IAmAnubhavSaini/wes.py3,IAmAnubhavSaini/wes.py3,416837367
CVE-2016-3226,0.00018083,https://github.com/akabe1/windows_exploit_dowser,akabe1/windows_exploit_dowser,187895283
CVE-2016-3226,0.00011174,https://github.com/gdynamics/exploitation-scraping,gdynamics/exploitation-scraping,225103901
CVE-2016-3226,0.00004090,https://github.com/BMaChina/cnvd_database,BMaChina/cnvd_database,90101928
CVE-2016-3226,0.00002386,https://github.com/kreattang/Collecting_CNVD_Dataset,kreattang/Collecting_CNVD_Dataset,188338231
CVE-2016-3226,0.00001517,https://github.com/patrickmpalmer/exploit-prediction-calculator,patrickmpalmer/exploit-prediction-calculator,244423496
CVE-2016-3226,0.00001432,https://github.com/just3019/CNVD-updater,just3019/CNVD-updater,284659876
CVE-2016-3226,0.00001186,https://github.com/scipag/vulscan,scipag/vulscan,84558222
CVE-2016-3226,0.00000665,https://github.com/NadimKawwa/Cyber_Threat_Identification,NadimKawwa/Cyber_Threat_Identification,318011542
CVE-2016-3226,0.00000629,https://github.com/Vasileios-Mavroeidis/semantic-stix-vulnerability,Vasileios-Mavroeidis/semantic-stix-vulnerability,392265661
CVE-2016-3226,0.00000629,https://github.com/scmanjarrez/CVEScannerV2DB,scmanjarrez/CVEScannerV2DB,394995609
