match,match_weight,repo_url,repo_full_name,repo_id
CVE-2017-2243,0.03448276,https://github.com/shakenetwork/wordpress-exploit-framework,shakenetwork/wordpress-exploit-framework,103017862
CVE-2017-2243,0.02941176,https://github.com/smartdevcode/wordpress-exploit-framework,smartdevcode/wordpress-exploit-framework,416797963
CVE-2017-2243,0.01492537,https://github.com/oneplus-x/WordPress-Exploit-Framework,oneplus-x/WordPress-Exploit-Framework,165921549
CVE-2017-2243,0.01492537,https://github.com/seno-adji/WORDPRESS-EXPLOIT-FRAMEWORK,seno-adji/WORDPRESS-EXPLOIT-FRAMEWORK,155500829
CVE-2017-2243,0.01492537,https://github.com/rastating/wordpress-exploit-framework,rastating/wordpress-exploit-framework,47001236
CVE-2017-2243,0.00151057,https://github.com/iDuronto/Sploits,iDuronto/Sploits,114869419
CVE-2017-2243,0.00002386,https://github.com/kreattang/Collecting_CNVD_Dataset,kreattang/Collecting_CNVD_Dataset,188338231
CVE-2017-2243,0.00001517,https://github.com/patrickmpalmer/exploit-prediction-calculator,patrickmpalmer/exploit-prediction-calculator,244423496
CVE-2017-2243,0.00001432,https://github.com/just3019/CNVD-updater,just3019/CNVD-updater,284659876
CVE-2017-2243,0.00001186,https://github.com/scipag/vulscan,scipag/vulscan,84558222
CVE-2017-2243,0.00000665,https://github.com/NadimKawwa/Cyber_Threat_Identification,NadimKawwa/Cyber_Threat_Identification,318011542
CVE-2017-2243,0.00000629,https://github.com/Vasileios-Mavroeidis/semantic-stix-vulnerability,Vasileios-Mavroeidis/semantic-stix-vulnerability,392265661
CVE-2017-2243,0.00000629,https://github.com/scmanjarrez/CVEScannerV2DB,scmanjarrez/CVEScannerV2DB,394995609
