match,match_weight,repo_url,repo_full_name,repo_id
CVE-2012-6390,0.00001186,https://github.com/scipag/vulscan,scipag/vulscan,84558222
