match,match_weight,repo_url,repo_full_name,repo_id
CVE-2021-34496,1.00000000,https://github.com/fkm75P8YjLkb/CVE-2021-34496,fkm75P8YjLkb/CVE-2021-34496,386161559
CVE-2021-34496,0.00099502,https://github.com/ARPSyndicate/cvemon,ARPSyndicate/cvemon,357427484
CVE-2021-34496,0.00030414,https://github.com/ycdxsb/PocOrExp_in_Github,ycdxsb/PocOrExp_in_Github,357437766
CVE-2021-34496,0.00000629,https://github.com/Vasileios-Mavroeidis/semantic-stix-vulnerability,Vasileios-Mavroeidis/semantic-stix-vulnerability,392265661
CVE-2021-34496,0.00000629,https://github.com/scmanjarrez/CVEScannerV2DB,scmanjarrez/CVEScannerV2DB,394995609
