match,match_weight,repo_full_name,repo_html_url,repo_id
CVE-2021-26884,6.285157600326828e-06,scmanjarrez/CVEScannerV2DB,https://github.com/scmanjarrez/CVEScannerV2DB,394995609
CVE-2021-26884,6.292830578122345e-06,Vasileios-Mavroeidis/semantic-stix-vulnerability,https://github.com/Vasileios-Mavroeidis/semantic-stix-vulnerability,392265661
CVE-2021-26884,0.0007067137809187279,SafeBreach-Labs/Back2TheFuture,https://github.com/SafeBreach-Labs/Back2TheFuture,392930100
