match,match_weight,repo_url,repo_full_name,repo_id
CVE-2013-5719,0.00006087,https://github.com/fedoraredteam/elem,fedoraredteam/elem,98762032
CVE-2013-5719,0.00006086,https://github.com/redteam-project/lem,redteam-project/lem,171368898
CVE-2013-5719,0.00001186,https://github.com/scipag/vulscan,scipag/vulscan,84558222
CVE-2013-5719,0.00000665,https://github.com/NadimKawwa/Cyber_Threat_Identification,NadimKawwa/Cyber_Threat_Identification,318011542
CVE-2013-5719,0.00000629,https://github.com/Vasileios-Mavroeidis/semantic-stix-vulnerability,Vasileios-Mavroeidis/semantic-stix-vulnerability,392265661
CVE-2013-5719,0.00000629,https://github.com/scmanjarrez/CVEScannerV2DB,scmanjarrez/CVEScannerV2DB,394995609
