match,match_weight,repo_full_name,repo_html_url,repo_id
CVE-2019-5427,6.285157600326828e-06,scmanjarrez/CVEScannerV2DB,https://github.com/scmanjarrez/CVEScannerV2DB,394995609
CVE-2019-5427,6.292830578122345e-06,Vasileios-Mavroeidis/semantic-stix-vulnerability,https://github.com/Vasileios-Mavroeidis/semantic-stix-vulnerability,392265661
CVE-2019-5427,0.0003040437823046,ycdxsb/PocOrExp_in_Github,https://github.com/ycdxsb/PocOrExp_in_Github,357437766
CVE-2019-5427,0.0012062726176115801,ksw7564/node2vec_CVE,https://github.com/ksw7564/node2vec_CVE,300150045
