match,match_weight,repo_url,repo_full_name,repo_id
CVE-2019-8349,0.00013103,https://github.com/sepehrdaddev/0day-today-exploits,sepehrdaddev/0day-today-exploits,272052072
CVE-2019-8349,0.00008672,https://github.com/sepehrdaddev/packetstorm-exploits,sepehrdaddev/packetstorm-exploits,271076842
CVE-2019-8349,0.00007487,https://github.com/enaqx/sploitware,enaqx/sploitware,22348337
CVE-2019-8349,0.00004103,https://github.com/BaRRaKudaRain/ExploitDB,BaRRaKudaRain/ExploitDB,251006702
CVE-2019-8349,0.00001517,https://github.com/patrickmpalmer/exploit-prediction-calculator,patrickmpalmer/exploit-prediction-calculator,244423496
CVE-2019-8349,0.00000665,https://github.com/NadimKawwa/Cyber_Threat_Identification,NadimKawwa/Cyber_Threat_Identification,318011542
CVE-2019-8349,0.00000629,https://github.com/Vasileios-Mavroeidis/semantic-stix-vulnerability,Vasileios-Mavroeidis/semantic-stix-vulnerability,392265661
CVE-2019-8349,0.00000629,https://github.com/scmanjarrez/CVEScannerV2DB,scmanjarrez/CVEScannerV2DB,394995609
