match,match_weight,repo_url,repo_full_name,repo_id
CVE-2019-14504,0.00000665,https://github.com/NadimKawwa/Cyber_Threat_Identification,NadimKawwa/Cyber_Threat_Identification,318011542
