match,match_weight,repo_full_name,repo_html_url,repo_id
CVE-2018-17199,6.285157600326828e-06,scmanjarrez/CVEScannerV2DB,https://github.com/scmanjarrez/CVEScannerV2DB,394995609
CVE-2018-17199,6.292830578122345e-06,Vasileios-Mavroeidis/semantic-stix-vulnerability,https://github.com/Vasileios-Mavroeidis/semantic-stix-vulnerability,392265661
CVE-2018-17199,0.0121951219512195,Sma-Das/TryHackMe,https://github.com/Sma-Das/TryHackMe,382572363
CVE-2018-17199,0.0125,vshaliii/Basic-Pentesting-2-Vulnhub-Walkthrough,https://github.com/vshaliii/Basic-Pentesting-2-Vulnhub-Walkthrough,370631179
