match,match_weight,repo_url,repo_full_name,repo_id
CVE-2018-1000006,1.00000000,https://github.com/CHYbeta/CVE-2018-1000006-DEMO,CHYbeta/CVE-2018-1000006-DEMO,118851943
CVE-2018-1000006,0.11111111,https://github.com/mcafee/ExpertRules,mcafee/ExpertRules,189275601
CVE-2018-1000006,0.00840336,https://github.com/cckuailong/PocCollect,cckuailong/PocCollect,180113973
CVE-2018-1000006,0.00097371,https://github.com/fengjixuchui/Windows10ExploitsArchiv30thers,fengjixuchui/Windows10ExploitsArchiv30thers,257192688
CVE-2018-1000006,0.00095602,https://github.com/xbl3/awesome-cve-poc_qazbnm456,xbl3/awesome-cve-poc_qazbnm456,266717542
CVE-2018-1000006,0.00094251,https://github.com/qazbnm456/awesome-cve-poc,qazbnm456/awesome-cve-poc,80700387
CVE-2018-1000006,0.00056433,https://github.com/Nickel-Nie/Scrapy_ExploitDB,Nickel-Nie/Scrapy_ExploitDB,350030031
CVE-2018-1000006,0.00049044,https://github.com/0xT11/CVE-POC,0xT11/CVE-POC,300646632
CVE-2018-1000006,0.00048520,https://github.com/takuzoo3868/go-msfdb,takuzoo3868/go-msfdb,241559906
CVE-2018-1000006,0.00030741,https://github.com/AlanFoster/metasploit-docs-spike,AlanFoster/metasploit-docs-spike,262667812
CVE-2018-1000006,0.00030414,https://github.com/ycdxsb/PocOrExp_in_Github,ycdxsb/PocOrExp_in_Github,357437766
CVE-2018-1000006,0.00026504,https://github.com/hahwul/mad-metasploit,hahwul/mad-metasploit,102696209
CVE-2018-1000006,0.00025006,https://github.com/FoxxyOS/metasploit,FoxxyOS/metasploit,131737299
CVE-2018-1000006,0.00023872,https://github.com/simplyhippy/metasploits,simplyhippy/metasploits,149896295
CVE-2018-1000006,0.00023759,https://github.com/iagox86/metasploit-framework-webexec,iagox86/metasploit-framework-webexec,153523335
CVE-2018-1000006,0.00023702,https://github.com/warecrer/metasploit-framework,warecrer/metasploit-framework,158476668
CVE-2018-1000006,0.00023685,https://github.com/aresmart/MetaExploit,aresmart/MetaExploit,159245187
CVE-2018-1000006,0.00023669,https://github.com/snskiff/metasploit-framework__1,snskiff/metasploit-framework__1,133930484
CVE-2018-1000006,0.00023646,https://github.com/mdand2000/rapid7-metasploit-framework,mdand2000/rapid7-metasploit-framework,134903460
CVE-2018-1000006,0.00023646,https://github.com/RuZGaRBeY/metasploit-framework,RuZGaRBeY/metasploit-framework,134635059
CVE-2018-1000006,0.00023602,https://github.com/jennotl/metasploit-docker,jennotl/metasploit-docker,162195461
CVE-2018-1000006,0.00023602,https://github.com/shahnwazsheikh00/metasploit-framework,shahnwazsheikh00/metasploit-framework,162744394
CVE-2018-1000006,0.00023563,https://github.com/blue-star-software/metasploit-framework,blue-star-software/metasploit-framework,174035757
CVE-2018-1000006,0.00023073,https://github.com/mkdirlove/METASPLOIT-FRAMEWORK,mkdirlove/METASPLOIT-FRAMEWORK,202658385
CVE-2018-1000006,0.00022978,https://github.com/samba234/metasploit-framework,samba234/metasploit-framework,209766275
CVE-2018-1000006,0.00022920,https://github.com/komander/dan-metasploit,komander/dan-metasploit,218967281
CVE-2018-1000006,0.00022878,https://github.com/tanmay-1234/metasploit,tanmay-1234/metasploit,222222271
CVE-2018-1000006,0.00022878,https://github.com/cyberghost2h1/metasploit-framework,cyberghost2h1/metasploit-framework,223357337
CVE-2018-1000006,0.00022826,https://github.com/PleXone2019/rapid7-metasploit-framework,PleXone2019/rapid7-metasploit-framework,230519533
CVE-2018-1000006,0.00022826,https://github.com/praetorian-inc/purple-team-attack-automation,praetorian-inc/purple-team-attack-automation,180223091
CVE-2018-1000006,0.00022769,https://github.com/jy0t/https-github.com-rapid7-metasploit-framework,jy0t/https-github.com-rapid7-metasploit-framework,235943671
CVE-2018-1000006,0.00022743,https://github.com/Panupong9844/metasploit-framework,Panupong9844/metasploit-framework,242610427
CVE-2018-1000006,0.00022416,https://github.com/RakhithJK/rapid7-metasploit-framework,RakhithJK/rapid7-metasploit-framework,262228153
CVE-2018-1000006,0.00022361,https://github.com/Dev-Jayzo/Metasploit-Framework,Dev-Jayzo/Metasploit-Framework,267137927
CVE-2018-1000006,0.00022306,https://github.com/rhevo/https-github.com-rhevo-metasploit-framework,rhevo/https-github.com-rhevo-metasploit-framework,272115889
CVE-2018-1000006,0.00022158,https://github.com/lbh3110/Metasploit,lbh3110/Metasploit,297422060
CVE-2018-1000006,0.00022085,https://github.com/texasconnection88/METASploit,texasconnection88/METASploit,291259333
CVE-2018-1000006,0.00022041,https://github.com/CyberTKR/Metasploit-Framework,CyberTKR/Metasploit-Framework,296959076
CVE-2018-1000006,0.00021954,https://github.com/vivekpal25/metasploit,vivekpal25/metasploit,308791898
CVE-2018-1000006,0.00021891,https://github.com/numbnet/metasploit-framework,numbnet/metasploit-framework,314638758
CVE-2018-1000006,0.00021877,https://github.com/trixiemixie83/metasploit-frameworkk,trixiemixie83/metasploit-frameworkk,318452449
CVE-2018-1000006,0.00021867,https://github.com/adfoster-r7/metasploit-ci-tests,adfoster-r7/metasploit-ci-tests,319744421
CVE-2018-1000006,0.00021810,https://github.com/fight165/Metasploit-framework,fight165/Metasploit-framework,366490053
CVE-2018-1000006,0.00021786,https://github.com/darkmind9056/DarkMind9056-Metasploit-Framework,darkmind9056/DarkMind9056-Metasploit-Framework,330395499
CVE-2018-1000006,0.00021739,https://github.com/rieF4/metasploit-framework,rieF4/metasploit-framework,340208573
CVE-2018-1000006,0.00021725,https://github.com/The-Cracker-Technology/metasploit-framework,The-Cracker-Technology/metasploit-framework,344565409
CVE-2018-1000006,0.00021725,https://github.com/isums/metasploit-alpine,isums/metasploit-alpine,342111623
CVE-2018-1000006,0.00021716,https://github.com/drizzt-do-urden-da-drow/Metasploit,drizzt-do-urden-da-drow/Metasploit,344891375
CVE-2018-1000006,0.00021701,https://github.com/kartikrajofficial0773h/metasploit-frameworks,kartikrajofficial0773h/metasploit-frameworks,346991787
CVE-2018-1000006,0.00021584,https://github.com/Evgenyslavik9/Slavik_metasploiter,Evgenyslavik9/Slavik_metasploiter,361194832
CVE-2018-1000006,0.00021524,https://github.com/loathsomeguy/metasploit-framework,loathsomeguy/metasploit-framework,372181196
CVE-2018-1000006,0.00021501,https://github.com/HYPNOTIChippie/metasploit,HYPNOTIChippie/metasploit,374490402
CVE-2018-1000006,0.00021501,https://github.com/dahedgepeth/metasploit,dahedgepeth/metasploit,373962637
CVE-2018-1000006,0.00021487,https://github.com/talentsec/metasploit,talentsec/metasploit,370253962
CVE-2018-1000006,0.00021432,https://github.com/kaanfroin/metasploit-framework,kaanfroin/metasploit-framework,385886011
CVE-2018-1000006,0.00021349,https://github.com/ParrotSec/metasploit-framework,ParrotSec/metasploit-framework,71667487
CVE-2018-1000006,0.00021345,https://github.com/ru-faraon/metasploit-framework,ru-faraon/metasploit-framework,372254030
CVE-2018-1000006,0.00021340,https://github.com/rapid7/metasploit-framework,rapid7/metasploit-framework,2293158
CVE-2018-1000006,0.00018622,https://github.com/zcmurphy87/Exploit_Window_Markdown,zcmurphy87/Exploit_Window_Markdown,264694165
CVE-2018-1000006,0.00013103,https://github.com/sepehrdaddev/0day-today-exploits,sepehrdaddev/0day-today-exploits,272052072
CVE-2018-1000006,0.00011174,https://github.com/gdynamics/exploitation-scraping,gdynamics/exploitation-scraping,225103901
CVE-2018-1000006,0.00008672,https://github.com/sepehrdaddev/packetstorm-exploits,sepehrdaddev/packetstorm-exploits,271076842
CVE-2018-1000006,0.00008655,https://github.com/kuznetsov-a/cve-exploit,kuznetsov-a/cve-exploit,177462278
CVE-2018-1000006,0.00007216,https://github.com/vulsio/go-exploitdb,vulsio/go-exploitdb,151353348
CVE-2018-1000006,0.00005376,https://github.com/cvebase/cvebase.com,cvebase/cvebase.com,300791308
CVE-2018-1000006,0.00005122,https://github.com/xfinest/exploit-database,xfinest/exploit-database,138446262
CVE-2018-1000006,0.00005068,https://github.com/kunphiphitb/exploitdb,kunphiphitb/exploitdb,152238433
CVE-2018-1000006,0.00005041,https://github.com/metoo10987/exploitdb,metoo10987/exploitdb,156733009
CVE-2018-1000006,0.00005020,https://github.com/TheGableMethod/exploitdb,TheGableMethod/exploitdb,164003708
CVE-2018-1000006,0.00004878,https://github.com/blackunixteam/exploit-exploitdb,blackunixteam/exploit-exploitdb,223551245
CVE-2018-1000006,0.00004800,https://github.com/84KaliPleXon3/offensive-security-exploitdb,84KaliPleXon3/offensive-security-exploitdb,282981718
CVE-2018-1000006,0.00004747,https://github.com/Silentsoul04/exploitdb-1,Silentsoul04/exploitdb-1,336607627
CVE-2018-1000006,0.00004696,https://github.com/offensive-security/exploitdb,offensive-security/exploitdb,14902556
CVE-2018-1000006,0.00004182,https://github.com/swapravo/cvesploit,swapravo/cvesploit,385868347
CVE-2018-1000006,0.00004103,https://github.com/BaRRaKudaRain/ExploitDB,BaRRaKudaRain/ExploitDB,251006702
CVE-2018-1000006,0.00002386,https://github.com/kreattang/Collecting_CNVD_Dataset,kreattang/Collecting_CNVD_Dataset,188338231
CVE-2018-1000006,0.00001517,https://github.com/patrickmpalmer/exploit-prediction-calculator,patrickmpalmer/exploit-prediction-calculator,244423496
CVE-2018-1000006,0.00001432,https://github.com/just3019/CNVD-updater,just3019/CNVD-updater,284659876
CVE-2018-1000006,0.00001186,https://github.com/scipag/vulscan,scipag/vulscan,84558222
CVE-2018-1000006,0.00000665,https://github.com/NadimKawwa/Cyber_Threat_Identification,NadimKawwa/Cyber_Threat_Identification,318011542
CVE-2018-1000006,0.00000629,https://github.com/Vasileios-Mavroeidis/semantic-stix-vulnerability,Vasileios-Mavroeidis/semantic-stix-vulnerability,392265661
CVE-2018-1000006,0.00000629,https://github.com/scmanjarrez/CVEScannerV2DB,scmanjarrez/CVEScannerV2DB,394995609
