match,match_weight,repo_url,repo_full_name,repo_id
CVE-2020-4090,0.00010325,https://github.com/f0ns1/CVE-2020,f0ns1/CVE-2020,353048821
