match,match_weight,repo_url,repo_full_name,repo_id
CVE-2021-3561,1.00000000,https://github.com/AIPOCAI/CVE-2021-3561,AIPOCAI/CVE-2021-3561,413773157
CVE-2021-3561,0.00000629,https://github.com/Vasileios-Mavroeidis/semantic-stix-vulnerability,Vasileios-Mavroeidis/semantic-stix-vulnerability,392265661
CVE-2021-3561,0.00000629,https://github.com/scmanjarrez/CVEScannerV2DB,scmanjarrez/CVEScannerV2DB,394995609
