match,match_weight,repo_full_name,repo_html_url,repo_id
CVE-2020-16126,6.285157600326828e-06,scmanjarrez/CVEScannerV2DB,https://github.com/scmanjarrez/CVEScannerV2DB,394995609
CVE-2020-16126,6.292830578122345e-06,Vasileios-Mavroeidis/semantic-stix-vulnerability,https://github.com/Vasileios-Mavroeidis/semantic-stix-vulnerability,392265661
CVE-2020-16126,0.0003040437823046,ycdxsb/PocOrExp_in_Github,https://github.com/ycdxsb/PocOrExp_in_Github,357437766
CVE-2020-16126,0.0009950248756218905,ARPSyndicate/cvemon,https://github.com/ARPSyndicate/cvemon,357427484
