match,match_weight,repo_url,repo_full_name,repo_id
CVE-2019-0943,0.08333333,https://github.com/hcpsilva/exploit-db,hcpsilva/exploit-db,189864268
CVE-2019-0943,0.00070671,https://github.com/SafeBreach-Labs/Back2TheFuture,SafeBreach-Labs/Back2TheFuture,392930100
CVE-2019-0943,0.00059453,https://github.com/francolmenar-projects/PoC_Snort_Windows10,francolmenar-projects/PoC_Snort_Windows10,320782168
CVE-2019-0943,0.00011174,https://github.com/gdynamics/exploitation-scraping,gdynamics/exploitation-scraping,225103901
CVE-2019-0943,0.00007487,https://github.com/enaqx/sploitware,enaqx/sploitware,22348337
CVE-2019-0943,0.00005376,https://github.com/cvebase/cvebase.com,cvebase/cvebase.com,300791308
CVE-2019-0943,0.00004182,https://github.com/swapravo/cvesploit,swapravo/cvesploit,385868347
CVE-2019-0943,0.00001517,https://github.com/patrickmpalmer/exploit-prediction-calculator,patrickmpalmer/exploit-prediction-calculator,244423496
CVE-2019-0943,0.00000665,https://github.com/NadimKawwa/Cyber_Threat_Identification,NadimKawwa/Cyber_Threat_Identification,318011542
CVE-2019-0943,0.00000629,https://github.com/Vasileios-Mavroeidis/semantic-stix-vulnerability,Vasileios-Mavroeidis/semantic-stix-vulnerability,392265661
CVE-2019-0943,0.00000629,https://github.com/scmanjarrez/CVEScannerV2DB,scmanjarrez/CVEScannerV2DB,394995609
