repo_id,repo_full_name,file,file_sha1,match
413772192,AIPOCAI/CVE-2021-35943,CVE-2021-35943.sh,07abbbd867127dd9a575b891c4ef78b0cca4de96,CVE-2021-35943
413772192,AIPOCAI/CVE-2021-35943,README.md,4471f685e61f27cb503d538ef093ee3e7392849d,CVE-2021-35943
413772192,AIPOCAI/CVE-2021-35943,CVE-2021-35943.exe,9d99e21421a589eb9fe30b18a348375d01e5fd66,CVE-2021-35943
413772192,AIPOCAI/CVE-2021-35943,_GITHUB_REPO_METADATA_,,CVE-2021-35943
