match,match_weight,repo_url,repo_full_name,repo_id
CVE-2020-0971,0.00095602,https://github.com/xbl3/awesome-cve-poc_qazbnm456,xbl3/awesome-cve-poc_qazbnm456,266717542
CVE-2020-0971,0.00094251,https://github.com/qazbnm456/awesome-cve-poc,qazbnm456/awesome-cve-poc,80700387
CVE-2020-0971,0.00010325,https://github.com/f0ns1/CVE-2020,f0ns1/CVE-2020,353048821
CVE-2020-0971,0.00005376,https://github.com/cvebase/cvebase.com,cvebase/cvebase.com,300791308
CVE-2020-0971,0.00001432,https://github.com/just3019/CNVD-updater,just3019/CNVD-updater,284659876
CVE-2020-0971,0.00000665,https://github.com/NadimKawwa/Cyber_Threat_Identification,NadimKawwa/Cyber_Threat_Identification,318011542
CVE-2020-0971,0.00000629,https://github.com/Vasileios-Mavroeidis/semantic-stix-vulnerability,Vasileios-Mavroeidis/semantic-stix-vulnerability,392265661
CVE-2020-0971,0.00000629,https://github.com/scmanjarrez/CVEScannerV2DB,scmanjarrez/CVEScannerV2DB,394995609
