match,match_weight,repo_url,repo_full_name,repo_id
CVE-2016-1710,0.20000000,https://github.com/youngcraft/BVED,youngcraft/BVED,85649720
CVE-2016-1710,0.00097371,https://github.com/fengjixuchui/Windows10ExploitsArchiv30thers,fengjixuchui/Windows10ExploitsArchiv30thers,257192688
CVE-2016-1710,0.00095602,https://github.com/xbl3/awesome-cve-poc_qazbnm456,xbl3/awesome-cve-poc_qazbnm456,266717542
CVE-2016-1710,0.00094251,https://github.com/qazbnm456/awesome-cve-poc,qazbnm456/awesome-cve-poc,80700387
CVE-2016-1710,0.00007216,https://github.com/vulsio/go-exploitdb,vulsio/go-exploitdb,151353348
CVE-2016-1710,0.00006087,https://github.com/fedoraredteam/elem,fedoraredteam/elem,98762032
CVE-2016-1710,0.00006086,https://github.com/redteam-project/lem,redteam-project/lem,171368898
CVE-2016-1710,0.00004090,https://github.com/BMaChina/cnvd_database,BMaChina/cnvd_database,90101928
CVE-2016-1710,0.00002386,https://github.com/kreattang/Collecting_CNVD_Dataset,kreattang/Collecting_CNVD_Dataset,188338231
CVE-2016-1710,0.00001517,https://github.com/patrickmpalmer/exploit-prediction-calculator,patrickmpalmer/exploit-prediction-calculator,244423496
CVE-2016-1710,0.00001432,https://github.com/just3019/CNVD-updater,just3019/CNVD-updater,284659876
CVE-2016-1710,0.00000665,https://github.com/NadimKawwa/Cyber_Threat_Identification,NadimKawwa/Cyber_Threat_Identification,318011542
CVE-2016-1710,0.00000629,https://github.com/Vasileios-Mavroeidis/semantic-stix-vulnerability,Vasileios-Mavroeidis/semantic-stix-vulnerability,392265661
CVE-2016-1710,0.00000629,https://github.com/scmanjarrez/CVEScannerV2DB,scmanjarrez/CVEScannerV2DB,394995609
